          401.00000
          402.00000
          403.00000
          404.00000
          405.00000
          406.00000
          407.00000
          408.00000
          409.00000
          410.00000
          411.00000
          412.00000
          413.00000
          414.00000
          415.00000
          416.00000
          417.00000
          418.00000
          419.00000
          420.00000
          421.00000
          422.00000
          423.00000
          424.00000
          425.00000
          426.00000
          427.00000
          428.00000
          429.00000
          430.00000
          431.00000
          432.00000
          433.00000
          434.00000
          435.00000
          436.00000
          437.00000
          438.00000
          439.00000
          440.00000
          441.00000
          442.00000
          443.00000
          444.00000
          445.00000
          446.00000
          447.00000
          448.00000
          449.00000
          450.00000
          451.00000
          452.00000
          453.00000
          454.00000
          455.00000
          456.00000
          457.00000
          458.00000
          459.00000
          460.00000
          461.00000
          462.00000
          463.00000
          464.00000
          465.00000
          466.00000
          467.00000
          468.00000
          469.00000
          470.00000
          471.00000
          472.00000
          473.00000
          474.00000
          475.00000
          476.00000
          477.00000
          478.00000
          479.00000
          480.00000
          481.00000
          482.00000
          483.00000
          484.00000
          485.00000
          486.00000
          487.00000
          488.00000
          489.00000
          490.00000
          491.00000
          492.00000
          493.00000
          494.00000
          495.00000
          496.00000
          497.00000
          498.00000
          499.00000
          500.00000
          501.00000
          502.00000
          503.00000
          504.00000
          505.00000
          506.00000
          507.00000
          508.00000
          509.00000
          510.00000
          511.00000
          512.00000
          513.00000
          514.00000
          515.00000
          516.00000
          517.00000
          518.00000
          519.00000
          520.00000
          521.00000
          522.00000
          523.00000
          524.00000
          525.00000
          526.00000
          527.00000
          528.00000
          529.00000
          530.00000
          531.00000
          532.00000
          533.00000
          534.00000
          535.00000
          536.00000
          537.00000
          538.00000
          539.00000
          540.00000
          541.00000
          542.00000
          543.00000
          544.00000
          545.00000
          546.00000
          547.00000
          548.00000
          549.00000
          550.00000
          551.00000
          552.00000
          553.00000
          554.00000
          555.00000
          556.00000
          557.00000
          558.00000
          559.00000
          560.00000
          561.00000
          562.00000
          563.00000
          564.00000
          565.00000
          566.00000
          567.00000
          568.00000
          569.00000
          570.00000
          571.00000
          572.00000
          573.00000
          574.00000
          575.00000
          576.00000
          577.00000
          578.00000
          579.00000
          580.00000
          581.00000
          582.00000
          583.00000
          584.00000
          585.00000
          586.00000
          587.00000
          588.00000
          589.00000
          590.00000
          591.00000
          592.00000
          593.00000
          594.00000
          595.00000
          596.00000
          597.00000
          598.00000
          599.00000
          600.00000
          601.00000
